0		1	1.00866491585
1		1	1.00782503223
1		2	2.01410177812
1		3	3.01604927791
2		3	3.01602932008
3		3	3.030775
1		4	4.026431864
2		4	4.00260325413
3		4	4.027185559
1		5	5.035311489
2		5	5.012057224
3		5	5.0125378
4		5	5.03987
1		6	6.044955433
2		6	6.018885891
3		6	6.01512288742
4		6	6.019726411
5		6	6.0508
1		7	7.052749
2		7	7.027990654
3		7	7.01600343659
4		7	7.016928717
5		7	7.029712
2		8	8.03393439
3		8	8.022486246
4		8	8.005305102
5		8	8.024607326
6		8	8.037643042
2		9	9.043946494
3		9	9.026790191
4		9	9.012183065
5		9	9.013329649
6		9	9.031037204
2		10	10.052788655
3		10	10.035483453
4		10	10.013534695
5		10	10.012936949
6		10	10.016853307
7		10	10.04165363
3		11	11.043723581
4		11	11.021661081
5		11	11.009305355
6		11	11.011433563
7		11	11.026091034
3		12	12.052517322
4		12	12.026922082
5		12	12.014352658
6		12	12.0
7		12	12.018613187
8		12	12.034261836
3		13	13.062631523
4		13	13.036134506
5		13	13.017780166
6		13	13.0033548351
7		13	13.005738609
8		13	13.024815446
4		14	14.04289292
5		14	14.025404012
6		14	14.0032419884
7		14	14.0030740044
8		14	14.008596359
9		14	14.034315207
4		15	15.05342
5		15	15.03108768
6		15	15.010599256
7		15	15.0001088989
8		15	15.003065618
9		15	15.018042853
4		16	16.061672036
5		16	16.039841663
6		16	16.014701252
7		16	16.006101925
8		16	15.9949146196
9		16	16.011465725
10		16	16.025750197
5		17	17.046989906
6		17	17.02257747
7		17	17.008448873
8		17	16.9991317565
9		17	17.002095237
10		17	17.017713963
5		18	18.055660189
6		18	18.026750708
7		18	18.014077565
8		18	17.9991596129
9		18	18.000937325
10		18	18.005708703
11		18	18.026878252
5		19	19.0631
6		19	19.034796372
7		19	19.017021603
8		19	19.00357797
9		19	18.9984031627
10		19	19.001880907
11		19	19.013880272
12		19	19.034169186
5		20	20.07207
6		20	20.040319754
7		20	20.023365807
8		20	20.004075354
9		20	19.999981252
10		20	19.9924401762
11		20	20.007354426
12		20	20.018850004
5		21	21.08129
6		21	21.049
7		21	21.02710824
8		21	21.008654813
9		21	20.999948889
10		21	20.993846685
11		21	20.997654695
12		21	21.01171614
13		21	21.028975
6		22	22.057531496
7		22	22.034394934
8		22	22.009966057
9		22	22.002998813
10		22	21.991385114
11		22	21.994437411
12		22	21.999570648
13		22	22.01954
14		22	22.03579
6		23	23.06889
7		23	23.04114
8		23	23.015695922
9		23	23.003556696
10		23	22.994466905
11		23	22.989769282
12		23	22.994124208
13		23	23.007244351
14		23	23.02544
7		24	24.05039
8		24	24.019861
9		24	24.008115485
10		24	23.99361065
11		24	23.99096295
12		24	23.985041697
13		24	23.999948883
14		24	24.011534538
15		24	24.03577
7		25	25.0601
8		25	25.029358986
9		25	25.012199229
10		25	24.997788707
11		25	24.989953969
12		25	24.985836976
13		25	24.990428102
14		25	25.004108808
15		25	25.02119
8		26	26.03728745
9		26	26.020037768
10		26	26.000514705
11		26	25.992634649
12		26	25.982592968
13		26	25.986891904
14		26	25.992333845
15		26	26.01178
16		26	26.02907
8		27	27.04772
9		27	27.026441
10		27	27.007553268
11		27	26.994076531
12		27	26.984340624
13		27	26.981538531
14		27	26.986704811
15		27	26.999224406
16		27	27.01828
8		28	28.05591
9		28	28.035342095
10		28	28.012121998
11		28	27.998939
12		28	27.983876728
13		28	27.98191021
14		28	27.9769265347
15		28	27.992326585
16		28	28.004372766
17		28	28.02954
9		29	29.04254
10		29	29.019753
11		29	29.002877073
12		29	28.988617393
13		29	28.98045649
14		29	28.9764946649
15		29	28.981800794
16		29	28.996611456
17		29	29.01478
9		30	30.05165
10		30	30.024734
11		30	30.009097932
12		30	29.990462926
13		30	29.98296022
14		30	29.973770136
15		30	29.978313753
16		30	29.984907033
17		30	30.00477
18		30	30.02307
9		31	31.059709
10		31	31.033087
11		31	31.013162656
12		31	30.996648032
13		31	30.983945171
14		31	30.975363194
15		31	30.9737619984
16		31	30.979557007
17		31	30.992414203
18		31	31.012124
10		32	32.03972
11		32	32.020193
12		32	31.999110239
13		32	31.988085239
14		32	31.974151539
15		32	31.973907643
16		32	31.9720711744
17		32	31.985684637
18		32	31.997637826
19		32	32.02265
10		33	33.04938
11		33	33.02573
12		33	33.005327145
13		33	32.990908977
14		33	32.977976964
15		33	32.971725694
16		33	32.9714589098
17		33	32.977451989
18		33	32.989925546
19		33	33.00756
10		34	34.056728
11		34	34.03359
12		34	34.008935481
13		34	33.996705398
14		34	33.978575569
15		34	33.973645886
16		34	33.967867004
17		34	33.973762485
18		34	33.98027009
19		34	33.99869
20		34	34.01487
11		35	35.040623
12		35	35.01679
13		35	34.999764
14		35	34.984583476
15		35	34.973314062
16		35	34.96903231
17		35	34.968852682
18		35	34.975257586
19		35	34.988005407
20		35	35.00514
11		36	36.049288
12		36	36.021879
13		36	36.006388
14		36	35.986695219
15		36	35.978259625
16		36	35.967080706
17		36	35.968306809
18		36	35.967545105
19		36	35.98130201
20		36	35.993074404
21		36	36.01648
11		37	37.057051
12		37	37.03037
13		37	37.010531
14		37	36.99292074
15		37	36.979606841
16		37	36.971125514
17		37	36.965902602
18		37	36.966776331
19		37	36.973375889
20		37	36.985897852
21		37	37.00374
12		38	38.03658
13		38	38.017402
14		38	37.995523
15		38	37.984251583
16		38	37.971163328
17		38	37.968010436
18		38	37.962732106
19		38	37.969081117
20		38	37.976319224
21		38	37.99512
22		38	38.01145
12		39	39.045384
13		39	39.02254
14		39	39.002491
15		39	38.986227208
16		39	38.975134197
17		39	38.968008176
18		39	38.964313038
19		39	38.9637064864
20		39	38.970710813
21		39	38.984784968
22		39	39.00236
12		40	40.05218
13		40	40.03003
14		40	40.005829
15		40	39.991331748
16		40	39.975482562
17		40	39.970415469
18		40	39.9623831237
19		40	39.963998166
20		40	39.962590863
21		40	39.977967291
22		40	39.990498719
23		40	40.01276
13		41	41.03638
14		41	41.013011
15		41	40.994654
16		41	40.979593451
17		41	40.970684525
18		41	40.96450057
19		41	40.9618252579
20		41	40.962277924
21		41	40.969251105
22		41	40.983148
23		41	41.00021
13		42	42.04384
14		42	42.01778
15		42	42.001084
16		42	41.9810651
17		42	41.973254804
18		42	41.963045736
19		42	41.962402306
20		42	41.95861783
21		42	41.965516532
22		42	41.973049034
23		42	41.99182
24		42	42.0067
13		43	43.05147
14		43	43.0248
15		43	43.005024
16		43	42.986907635
17		43	42.973888584
18		43	42.965636055
19		43	42.960734702
20		43	42.958766438
21		43	42.961150474
22		43	42.96852252
23		43	42.980766
24		43	42.99753
14		44	44.03061
15		44	44.01121
16		44	43.990118848
17		44	43.977874543
18		44	43.964923815
19		44	43.961586985
20		44	43.955481561
21		44	43.959402875
22		44	43.959689949
23		44	43.97411
24		44	43.98536
25		44	44.00715
14		45	45.03995
15		45	45.01645
16		45	44.995717
17		45	44.98029
18		45	44.968039733
19		45	44.960691493
20		45	44.95618635
21		45	44.955908275
22		45	44.958121983
23		45	44.96577482
24		45	44.97905
25		45	44.99449
26		45	45.014419
15		46	46.02446
16		46	46.00004
17		46	45.985174
18		46	45.968082712
19		46	45.961981586
20		46	45.953689023
21		46	45.955168257
22		46	45.952627718
23		46	45.960198775
24		46	45.968358861
25		46	45.98609
26		46	46.00063
15		47	47.03139
16		47	47.00795
17		47	46.98916
18		47	46.972934865
19		47	46.961661614
20		47	46.95454243
21		47	46.95240374
22		47	46.951758787
23		47	46.954904914
24		47	46.962897359
25		47	46.975775
26		47	46.99185
27		47	47.01057
16		48	48.0137
17		48	47.99564
18		48	47.97591
19		48	47.965341186
20		48	47.952522765
21		48	47.952223611
22		48	47.947941979
23		48	47.952252223
24		48	47.954029061
25		48	47.96852
26		48	47.98023
27		48	48.00093
28		48	48.017688
16		49	49.022762
17		49	49.00123
18		49	48.9819
19		49	48.968210755
20		49	48.955662736
21		49	48.950014629
22		49	48.947865676
23		49	48.948511795
24		49	48.951333349
25		49	48.959595297
26		49	48.973429
27		49	48.98891
28		49	49.0077
17		50	50.00905
18		50	49.98613
19		50	49.972380017
20		50	49.957499217
21		50	49.952176274
22		50	49.944786889
23		50	49.947156014
24		50	49.946041833
25		50	49.954237781
26		50	49.962974929
27		50	49.98091
28		50	49.99474
17		51	51.01554
18		51	50.9937
19		51	50.975828036
20		51	50.960988981
21		51	50.953591956
22		51	50.946610651
23		51	50.943957036
24		51	50.944765018
25		51	50.948208475
26		51	50.956841021
27		51	50.970647
28		51	50.98611
18		52	51.99896
19		52	51.98224
20		52	51.963217145
21		52	51.956879479
22		52	51.946893006
23		52	51.944773007
24		52	51.940506231
25		52	51.945563949
26		52	51.948113146
27		52	51.96351
28		52	51.9748
29		52	51.99671
18		53	53.00729
19		53	52.98746
20		53	52.96945
21		53	52.95909
22		53	52.949725933
23		53	52.944336741
24		53	52.940648147
25		53	52.941288891
26		53	52.945306428
27		53	52.954204077
28		53	52.96819
29		53	52.98459
19		54	53.99463
20		54	53.9734
21		54	53.96393
22		54	53.951049547
23		54	53.946438617
24		54	53.938879158
25		54	53.940357615
26		54	53.939608986
27		54	53.948459872
28		54	53.957892463
29		54	53.97666
30		54	53.992039
19		55	55.00076
20		55	54.9803
21		55	54.967818892
22		55	54.955268064
23		55	54.94724215
24		55	54.940838434
25		55	54.93804391
26		55	54.938291994
27		55	54.941997202
28		55	54.951330632
29		55	54.966038
30		55	54.98398
19		56	56.00851
20		56	55.98508
21		56	55.97345
22		56	55.957911353
23		56	55.95048481
24		56	55.940653139
25		56	55.938903691
26		56	55.934936326
27		56	55.939838798
28		56	55.942128549
29		56	55.95895
30		56	55.97254
31		56	55.99536
20		57	56.99262
21		57	56.97777
22		57	56.963641626
23		57	56.952518869
24		57	56.943613013
25		57	56.938286096
26		57	56.935392841
27		57	56.936290574
28		57	56.939792184
29		57	56.949212498
30		57	56.96506
31		57	56.9832
20		58	57.99794
21		58	57.98403
22		58	57.9666
23		58	57.956715235
24		58	57.944353129
25		58	57.940066645
26		58	57.933274431
27		58	57.935752073
28		58	57.935342414
29		58	57.944533046
30		58	57.954591062
31		58	57.97478
32		58	57.99172
21		59	58.98894
22		59	58.97247
23		59	58.959385659
24		59	58.948586367
25		59	58.940391113
26		59	58.934874338
27		59	58.933194288
28		59	58.934346202
29		59	58.939497482
30		59	58.949312657
31		59	58.96353
32		59	58.98249
21		60	59.99565
22		60	59.97603
23		60	59.96431329
24		60	59.950076033
25		60	59.943136576
26		60	59.9340711
27		60	59.933816299
28		60	59.930785885
29		60	59.937364544
30		60	59.941842103
31		60	59.95729
32		60	59.97036
33		60	59.99388
21		61	61.001
22		61	60.98245
23		61	60.96725
24		61	60.954422585
25		61	60.944452544
26		61	60.936746244
27		61	60.93247662
28		61	60.93105557
29		61	60.933457612
30		61	60.939507188
31		61	60.949398984
32		61	60.96379
33		61	60.98112
22		62	61.98651
23		62	61.97265
24		62	61.956097451
25		62	61.947954
26		62	61.936791812
27		62	61.934058809
28		62	61.928345365
29		62	61.932595415
30		62	61.934333971
31		62	61.944190251
32		62	61.95502
33		62	61.97361
22		63	62.99375
23		63	62.97639
24		63	62.961650731
25		63	62.949664675
26		63	62.9402727
27		63	62.933600217
28		63	62.929669626
29		63	62.929597723
30		63	62.933211474
31		63	62.939294196
32		63	62.949628
33		63	62.9639
23		64	63.98264
24		64	63.96408
25		64	63.95384937
26		64	63.940987763
27		64	63.935810764
28		64	63.927966816
29		64	63.929764342
30		64	63.929142013
31		64	63.93684044
32		64	63.941689913
33		64	63.957432
34		64	63.97109
23		65	64.9875
24		65	64.96996
25		65	64.95601975
26		65	64.945011462
27		65	64.936462072
28		65	64.930085173
29		65	64.927789704
30		65	64.92924077
31		65	64.932734588
32		65	64.939368137
33		65	64.949611
34		65	64.9644
23		66	65.99398
24		66	65.97366
25		66	65.960546834
26		66	65.94624996
27		66	65.939442945
28		66	65.929139334
29		66	65.928869032
30		66	65.926033809
31		66	65.931589401
32		66	65.933862126
33		66	65.944148779
34		66	65.95559
24		67	66.98016
25		67	66.96424
26		67	66.950543395
27		67	66.940609627
28		67	66.931569414
29		67	66.927730314
30		67	66.927127746
31		67	66.928202547
32		67	66.932733861
33		67	66.939251112
34		67	66.949994
35		67	66.96465
24		68	67.98403
25		68	67.96962
26		68	67.95295155
27		68	67.944257589
28		68	67.931868789
29		68	67.929610889
30		68	67.924844554
31		68	67.927980485
32		68	67.928095307
33		68	67.93677413
34		68	67.941825238
35		68	67.958732
25		69	68.97366
26		69	68.95807
27		69	68.946141268
28		69	68.935610269
29		69	68.929429269
30		69	68.926550682
31		69	68.925573541
32		69	68.927964481
33		69	68.932246302
34		69	68.939414847
35		69	68.950497297
36		69	68.96518
25		70	69.97937
26		70	69.96102
27		70	69.94963
28		70	69.936431302
29		70	69.932392079
30		70	69.925319208
31		70	69.926021927
32		70	69.92424875
33		70	69.930926195
34		70	69.933515523
35		70	69.944792323
36		70	69.95604
25		71	70.98368
26		71	70.96672
27		71	70.952366923
28		71	70.940518964
29		71	70.932676833
30		71	70.927719582
31		71	70.924702577
32		71	70.924952327
33		71	70.927113801
34		71	70.932209433
35		71	70.939342155
36		71	70.950265696
37		71	70.96532
26		72	71.96983
27		72	71.95729
28		72	71.941785926
29		72	71.935820307
30		72	71.926842807
31		72	71.926367474
32		72	71.922075826
33		72	71.926752294
34		72	71.927140507
35		72	71.936588619
36		72	71.942092407
37		72	71.95908
26		73	72.97572
27		73	72.96039
28		73	72.946206683
29		73	72.936674378
30		73	72.929582582
31		73	72.925174682
32		73	72.923458956
33		73	72.923829086
34		73	72.926754882
35		73	72.931671503
36		73	72.939289195
37		73	72.950529
38		73	72.9657
26		74	73.97935
27		74	73.96515
28		74	73.94798
29		74	73.939874862
30		74	73.929407262
31		74	73.926945727
32		74	73.921177761
33		74	73.923928598
34		74	73.922475934
35		74	73.929910177
36		74	73.93308402
37		74	73.944265894
38		74	73.95617
27		75	74.96876
28		75	74.9525
29		75	74.941522606
30		75	74.932840246
31		75	74.926500246
32		75	74.92285837
33		75	74.921594567
34		75	74.92252287
35		75	74.925810452
36		75	74.930945746
37		75	74.938573201
38		75	74.94995277
27		76	75.97413
28		76	75.95533
29		76	75.945275026
30		76	75.933114957
31		76	75.928827626
32		76	75.921402726
33		76	75.922392015
34		76	75.919213704
35		76	75.924541576
36		76	75.925910271
37		76	75.935073032
38		76	75.941762761
39		76	75.95856
28		77	76.96055
29		77	76.94792
30		77	76.936887199
31		77	76.9291543
32		77	76.923549843
33		77	76.920647563
34		77	76.919914154
35		77	76.921379198
36		77	76.92467
37		77	76.9304016
38		77	76.937945455
39		77	76.949781
28		78	77.96336
29		78	77.95223
30		78	77.938289206
31		78	77.931608845
32		78	77.922852908
33		78	77.921827773
34		78	77.91730928
35		78	77.921145895
36		78	77.920364944
37		78	77.928141868
38		78	77.93217998
39		78	77.94361
40		78	77.95566
28		79	78.970252
29		79	78.95502
30		79	78.942638069
31		79	78.932852301
32		79	78.925360127
33		79	78.920948423
34		79	78.918499287
35		79	78.918337579
36		79	78.920082923
37		79	78.923989864
38		79	78.929707664
39		79	78.937351299
40		79	78.94948
29		80	79.96089
30		80	79.944552931
31		80	79.936420775
32		80	79.925350775
33		80	79.922474584
34		80	79.916521762
35		80	79.918529788
36		80	79.916378084
37		80	79.922516444
38		80	79.924517516
39		80	79.934356096
40		80	79.9404
29		81	80.965872
30		81	80.950402619
31		81	80.938133843
32		81	80.928832943
33		81	80.92213228
34		81	80.917993023
35		81	80.91628969
36		81	80.916591181
37		81	80.918993936
38		81	80.923211395
39		81	80.929455556
40		81	80.937308892
41		81	80.9496
29		82	81.972442
30		82	81.95426
31		82	81.943176533
32		82	81.929774033
33		82	81.924741233
34		82	81.916699497
35		82	81.916803246
36		82	81.91348273
37		82	81.918209024
38		82	81.918399855
39		82	81.926931401
40		82	81.931354
41		82	81.94396
30		83	82.96056
31		83	82.947120301
32		83	82.934539101
33		83	82.925206901
34		83	82.919118569
35		83	82.91517562
36		83	82.914127164
37		83	82.915114183
38		83	82.917554374
39		83	82.92248525
40		83	82.92924215
41		83	82.937293731
42		83	82.94988
30		84	83.965206
31		84	83.95246
32		84	83.937575092
33		84	83.929303292
34		84	83.918466763
35		84	83.916496419
36		84	83.9114977282
37		84	83.914375229
38		84	83.913419136
39		84	83.920672086
40		84	83.923326899
41		84	83.934492
42		84	83.94149
30		85	84.97226
31		85	84.95699
32		85	84.94296966
33		85	84.93216366
34		85	84.92226076
35		85	84.91564576
36		85	84.912527262
37		85	84.9117897379
38		85	84.912932046
39		85	84.916433039
40		85	84.921444448
41		85	84.928845837
42		85	84.938260737
43		85	84.95058
31		86	85.96301
32		86	85.94658
33		86	85.936701533
34		86	85.924311733
35		86	85.918805433
36		86	85.9106106269
37		86	85.911167425
38		86	85.909260608
39		86	85.91488598
40		86	85.916297204
41		86	85.925782798
42		86	85.931174817
43		86	85.94493
31		87	86.968245
32		87	86.95268
33		87	86.940291718
34		87	86.928688618
35		87	86.920674018
36		87	86.91335476
37		87	86.909180531
38		87	86.908877531
39		87	86.910876138
40		87	86.914817988
41		87	86.920693747
42		87	86.928196201
43		87	86.938067187
44		87	86.95069
32		88	87.95691
33		88	87.94555
34		88	87.931417492
35		88	87.924083292
36		88	87.914447881
37		88	87.911315592
38		88	87.905612542
39		88	87.909501563
40		88	87.91022129
41		88	87.91822171
42		88	87.921967781
43		88	87.933782381
44		88	87.9416
32		89	88.96379
33		89	88.94976
34		89	88.93666906
35		89	88.92670456
36		89	88.917835451
37		89	88.912278298
38		89	88.907451095
39		89	88.905840348
40		89	88.908881441
41		89	88.913445073
42		89	88.919468151
43		89	88.927648651
44		89	88.93762
45		89	88.950584
32		90	89.96863
33		90	89.95563
34		90	89.940096
35		90	89.93129285
36		90	89.919527931
37		90	89.914798453
38		90	89.907730037
39		90	89.907143942
40		90	89.904697659
41		90	89.911258449
42		90	89.913930861
43		90	89.924073921
44		90	89.93034438
45		90	89.94422
33		91	90.96039
34		91	90.94596
35		91	90.934398619
36		91	90.923806311
37		91	90.916537169
38		91	90.910195442
39		91	90.907297442
40		91	90.905639587
41		91	90.906989658
42		91	90.911745312
43		91	90.918425397
44		91	90.926741859
45		91	90.93688
46		91	90.95032
33		92	91.96674
34		92	91.94984
35		92	91.939631597
36		92	91.926173094
37		92	91.919728389
38		92	91.91103819
39		92	91.908945142
40		92	91.905034675
41		92	91.907188081
42		92	91.906807959
43		92	91.915269779
44		92	91.920234375
45		92	91.932367694
46		92	91.94088
34		93	92.95629
35		93	92.943134
36		93	92.931147174
37		93	92.922039269
38		93	92.914024228
39		93	92.909577886
40		93	92.906469947
41		93	92.906373004
42		93	92.906809577
43		93	92.910245952
44		93	92.917104444
45		93	92.925912781
46		93	92.936511
47		93	92.95033
34		94	93.96049
35		94	93.9489
36		94	93.934140454
37		94	93.926394814
38		94	93.915355602
39		94	93.911590582
40		94	93.906310828
41		94	93.907278836
42		94	93.905084903
43		94	93.909653637
44		94	93.911342863
45		94	93.921730453
46		94	93.929037603
47		94	93.943734
34		95	94.9673
35		95	94.95301
36		95	94.939710924
37		95	94.929260004
38		95	94.919352941
39		95	94.912816058
40		95	94.90803853
41		95	94.906832404
42		95	94.905838766
43		95	94.907653612
44		95	94.910405759
45		95	94.915897895
46		95	94.924889838
47		95	94.93602
48		95	94.94994
35		96	95.95903
36		96	95.943016618
37		96	95.93413338
38		96	95.921706575
39		96	95.915896835
40		96	95.908271433
41		96	95.908097286
42		96	95.904676115
43		96	95.907868022
44		96	95.907590255
45		96	95.914453051
46		96	95.918215084
47		96	95.930743906
48		96	95.94034
35		97	96.96344
36		97	96.949088785
37		97	96.937177136
38		97	96.92637396
39		97	96.918274106
40		97	96.910951206
41		97	96.908095932
42		97	96.906018118
43		97	96.906366706
44		97	96.90754712
45		97	96.911329216
46		97	96.916471988
47		97	96.923965326
48		97	96.9351
49		97	96.94934
35		98	97.96946
36		98	97.95243
37		98	97.941686868
38		98	97.928688778
39		98	97.922382119
40		98	97.912728892
41		98	97.910326459
42		98	97.90540482
43		98	97.907212365
44		98	97.905286813
45		98	97.910707839
46		98	97.912698337
47		98	97.921559973
48		98	97.927389318
49		98	97.94214
36		99	98.95839
37		99	98.945028735
38		99	98.932890666
39		99	98.924147979
40		99	98.916666746
41		99	98.911613177
42		99	98.907708509
43		99	98.906250844
44		99	98.905934082
45		99	98.908128239
46		99	98.911774806
47		99	98.917645768
48		99	98.924925848
49		99	98.93411
50		99	98.94853
36		100	99.96237
37		100	99.95003
38		100	99.935769692
39		100	99.927714692
40		100	99.918000576
41		100	99.914327592
42		100	99.907471782
43		100	99.907653877
44		100	99.904214256
45		100	99.908117264
46		100	99.908504805
47		100	99.916115445
48		100	99.92034882
49		100	99.93095718
50		100	99.938504196
36		101	100.96873
37		101	100.954039
38		101	100.940351743
39		101	100.930147705
40		101	100.921447964
41		101	100.915310254
42		101	100.910341447
43		101	100.907309057
44		101	100.905576872
45		101	100.906160613
46		101	100.908286412
47		101	100.912683953
48		101	100.918586211
49		101	100.92634
50		101	100.935259244
37		102	101.95952
38		102	101.943790979
39		102	101.934327687
40		102	101.92314093
41		102	101.918077197
42		102	101.910283414
43		102	101.909209733
44		102	101.904344096
45		102	101.906837373
46		102	101.905602187
47		102	101.911704708
48		102	101.914481967
49		102	101.924107138
50		102	101.930290753
37		103	102.96392
38		103	102.94909
39		103	102.937243004
40		103	102.927190678
41		103	102.919457238
42		103	102.913078578
43		103	102.909176131
44		103	102.906318627
45		103	102.905497993
46		103	102.906080949
47		103	102.908963138
48		103	102.913416517
49		103	102.919881915
50		103	102.928105264
51		103	102.93969
38		104	103.95265
39		104	103.94196
40		104	103.929435691
41		104	103.922892491
42		104	103.913734373
43		104	103.911424888
44		104	103.905427481
45		104	103.90664922
46		104	103.90403054
47		104	103.908623864
48		104	103.909856386
49		104	103.918214541
50		104	103.923105204
51		104	103.936477804
38		105	104.95855
39		105	104.94544
40		105	104.934008204
41		105	104.924946471
42		105	104.916968617
43		105	104.911654883
44		105	104.907747645
45		105	104.905688549
46		105	104.905079626
47		105	104.906525615
48		105	104.909463896
49		105	104.914502325
50		105	104.921268429
51		105	104.931275897
52		105	104.943304508
38		106	105.962651
39		106	105.95056
40		106	105.93676
41		106	105.928931712
42		106	105.918259464
43		106	105.914357598
44		106	105.907329104
45		106	105.907286801
46		106	105.903480426
47		106	105.906663637
48		106	105.906459928
49		106	105.913463735
50		106	105.916957404
51		106	105.928637982
52		106	105.937499664
38		107	106.968975
39		107	106.95452
40		107	106.94174
41		107	106.931593654
42		107	106.922105877
43		107	106.915460645
44		107	106.909972045
45		107	106.906747811
46		107	106.905128195
47		107	106.905091611
48		107	106.906612122
49		107	106.910290084
50		107	106.915713652
51		107	106.924150641
52		107	106.935011573
53		107	106.94678
39		108	107.95996
40		108	107.94487
41		108	107.936074773
42		108	107.92403349
43		108	107.918495722
44		108	107.910188022
45		108	107.908714473
46		108	107.90389164
47		108	107.905950346
48		108	107.90418344
49		108	107.909693524
50		108	107.911894287
51		108	107.922226735
52		108	107.929380467
53		108	107.943481623
39		109	108.964358
40		109	108.95041
41		109	108.939216
42		109	108.92842416
43		109	108.920256356
44		109	108.913325956
45		109	108.908748821
46		109	108.905950406
47		109	108.904755282
48		109	108.904986653
49		109	108.907151381
50		109	108.91129206
51		109	108.918141122
52		109	108.927304534
53		109	108.938085287
54		109	108.950434864
40		110	109.95396
41		110	109.94403
42		110	109.930703673
43		110	109.923743534
44		110	109.914040696
45		110	109.911079429
46		110	109.905172199
47		110	109.906110226
48		110	109.903006606
49		110	109.90716981
50		110	109.907844835
51		110	109.916854287
52		110	109.922458091
53		110	109.935089034
54		110	109.944263102
40		111	110.959678
41		111	110.94753
42		111	110.935654257
43		111	110.925901257
44		111	110.917569857
45		111	110.91164231
46		111	110.907689679
47		111	110.905295923
48		111	110.904182872
49		111	110.905108458
50		111	110.907740127
51		111	110.913218189
52		111	110.921000589
53		111	110.930269214
54		111	110.941607206
40		112	111.963703
41		112	111.95247
42		112	111.93831
43		112	111.929945813
44		112	111.918809234
45		112	111.914403222
46		112	111.907329698
47		112	111.90704855
48		112	111.902762868
49		112	111.905537694
50		112	111.904823874
51		112	111.912399903
52		112	111.91672785
53		112	111.92800455
54		112	111.935558982
55		112	111.950308558
41		113	112.95651
42		113	112.94335
43		113	112.932569035
44		113	112.922843999
45		113	112.915439342
46		113	112.910261042
47		113	112.906572893
48		113	112.904408133
49		113	112.904061839
50		113	112.905175728
51		113	112.909374536
52		113	112.915891
53		113	112.923650064
54		113	112.93322165
55		113	112.944429144
41		114	113.96201
42		114	113.94653
43		114	113.93691
44		114	113.924613554
45		114	113.918718294
46		114	113.910368554
47		114	113.908823031
48		114	113.903365086
49		114	113.904917909
50		114	113.902782695
51		114	113.909290189
52		114	113.912089
53		114	113.92185
54		114	113.927980331
55		114	113.941296176
56		114	113.950660438
41		115	114.96634
42		115	114.95196
43		115	114.93998
44		115	114.928819898
45		115	114.920311589
46		115	114.913658506
47		115	114.908767355
48		115	114.905437513
49		115	114.903878776
50		115	114.903344699
51		115	114.906598
52		115	114.911902
53		115	114.918048
54		115	114.926293945
55		115	114.93591
56		115	114.94737
42		116	115.955448
43		116	115.94476
44		116	115.931219195
45		116	115.924058528
46		116	115.914296979
47		116	115.911386812
48		116	115.904763148
49		116	115.905259995
50		116	115.901742797
51		116	115.906793115
52		116	115.90846
53		116	115.916808658
54		116	115.921581112
55		116	115.933373
56		116	115.94128
57		116	115.956304
42		117	116.96117
43		117	116.94806
44		117	116.936103
45		117	116.926035391
46		117	116.917954721
47		117	116.911773934
48		117	116.907225956
49		117	116.904515678
50		117	116.902953983
51		117	116.904841508
52		117	116.908646298
53		117	116.913648312
54		117	116.920358761
55		117	116.928616726
56		117	116.93814057
57		117	116.949985
43		118	117.95299
44		118	117.93853
45		118	117.930340208
46		118	117.9190667
47		118	117.914595487
48		118	117.906921869
49		118	117.906356616
50		118	117.901606574
51		118	117.905532139
52		118	117.905853629
53		118	117.913074
54		118	117.91617868
55		118	117.926559519
56		118	117.93306
57		118	117.94673
43		119	118.95666
44		119	118.94357
45		119	118.932556954
46		119	118.923340223
47		119	118.915570287
48		119	118.909846851
49		119	118.905850708
50		119	118.903311172
51		119	118.903945471
52		119	118.906407108
53		119	118.910074
54		119	118.915410714
55		119	118.92237733
56		119	118.930659686
57		119	118.94099
58		119	118.95271
43		120	119.96187
44		120	119.94631
45		120	119.93686
46		120	119.924551089
47		120	119.918784768
48		120	119.909868068
49		120	119.907966567
50		120	119.902201634
51		120	119.905079385
52		120	119.9040593
53		120	119.910087251
54		120	119.91178427
55		120	119.920677279
56		120	119.926045
57		120	119.93807
58		120	119.94654
44		121	120.95164
45		121	120.93942
46		121	120.928950345
47		121	120.920125282
48		121	120.912963663
49		121	120.907851062
50		121	120.904242554
51		121	120.903811967
52		121	120.904943812
53		121	120.90740505
54		121	120.911453015
55		121	120.917227238
56		121	120.92405229
57		121	120.93315
58		121	120.94335
59		121	120.95532
44		122	121.95447
45		122	121.94399
46		122	121.930631696
47		122	121.923664449
48		122	121.913459053
49		122	121.910280738
50		122	121.903443774
51		122	121.905169948
52		122	121.903043455
53		122	121.907588841
54		122	121.908367658
55		122	121.916108146
56		122	121.919904
57		122	121.93071
58		122	121.93787
59		122	121.95175
44		123	122.95989
45		123	122.94685
46		123	122.93514
47		123	122.925337063
48		123	122.916892453
49		123	122.910433718
50		123	122.905725221
51		123	122.904213204
52		123	122.904269769
53		123	122.905588537
54		123	122.908481757
55		123	122.912996063
56		123	122.918781063
57		123	122.9263
58		123	122.93528
59		123	122.94596
44		124	123.96305
45		124	123.95151
46		124	123.93714
47		124	123.928931229
48		124	123.917657364
49		124	123.913182245
50		124	123.905276645
51		124	123.905934978
52		124	123.902817085
53		124	123.906209041
54		124	123.905891984
55		124	123.912257798
56		124	123.915093629
57		124	123.924574275
58		124	123.93031
59		124	123.94294
60		124	123.9522
45		125	124.95469
46		125	124.94179
47		125	124.931046
48		125	124.921257577
49		125	124.913604553
50		125	124.907786395
51		125	124.905253007
52		125	124.90442992
53		125	124.904629353
54		125	124.906394445
55		125	124.909727985
56		125	124.914471843
57		125	124.920815932
58		125	124.92844
59		125	124.9377
60		125	124.9489
45		126	125.95946
46		126	125.94416
47		126	125.93475
48		126	125.922429128
49		126	125.916507322
50		126	125.907658786
51		126	125.907252987
52		126	125.903310886
53		126	125.905623329
54		126	125.904298292
55		126	125.909446057
56		126	125.911250204
57		126	125.919512667
58		126	125.923971
59		126	125.93524
60		126	125.94311
61		126	125.95792
46		127	126.94907
47		127	126.93711
48		127	126.926472404
49		127	126.917446276
50		127	126.910389943
51		127	126.906924278
52		127	126.905225735
53		127	126.904471853
54		127	126.905182914
55		127	126.907417384
56		127	126.911091275
57		127	126.916375084
58		127	126.922727
59		127	126.93071
60		127	126.94038
61		127	126.95192
46		128	127.95183
47		128	127.94106
48		128	127.927812858
49		128	127.920401044
50		128	127.910507184
51		128	127.909145628
52		128	127.904461279
53		128	127.905808615
54		128	127.903531018
55		128	127.907748666
56		128	127.908341967
57		128	127.915592123
58		128	127.918911
59		128	127.928791
60		128	127.93525
61		128	127.9487
62		128	127.95842
47		129	128.94395
48		129	128.93182
49		129	128.921805301
50		129	128.913464711
51		129	128.909146665
52		129	128.90659646
53		129	128.904983669
54		129	128.904780861
55		129	128.906065683
56		129	128.908680798
57		129	128.912694431
58		129	128.918102
59		129	128.925095
60		129	128.933102
61		129	128.94323
62		129	128.95476
47		130	129.950703
48		130	129.933940679
49		130	129.924976585
50		130	129.91397383
51		130	129.911662054
52		130	129.906222748
53		130	129.906670193
54		130	129.903509349
55		130	129.906709283
56		130	129.906320669
57		130	129.912369413
58		130	129.914736
59		130	129.92359
60		130	129.928506
61		130	129.94053
62		130	129.949
63		130	129.963689
48		131	130.9406
49		131	130.926971529
50		131	130.917044954
51		131	130.911988799
52		131	130.908522213
53		131	130.906126305
54		131	130.905084057
55		131	130.905464899
56		131	130.906940977
57		131	130.91007
58		131	130.914429465
59		131	130.92023496
60		131	130.92724802
61		131	130.93567
62		131	130.94618
63		131	130.957842
48		132	131.94604
49		132	131.933001273
50		132	131.917826725
51		132	131.914507691
52		132	131.908546716
53		132	131.907993514
54		132	131.904155086
55		132	131.906433914
56		132	131.905061128
57		132	131.910118979
58		132	131.911463775
59		132	131.919255
60		132	131.923321237
61		132	131.93384
62		132	131.94087
63		132	131.95467
48		133	132.95285
49		133	132.93831
50		133	132.923913404
51		133	132.915273198
52		133	132.910968766
53		133	132.907796968
54		133	132.905910751
55		133	132.905451961
56		133	132.906007351
57		133	132.908218
58		133	132.911520402
59		133	132.916330561
60		133	132.922348
61		133	132.929782
62		133	132.93856
63		133	132.94929
64		133	132.96133
49		134	133.94454
50		134	133.928682064
51		134	133.920535676
52		134	133.911393959
53		134	133.909758836
54		134	133.905394664
55		134	133.906718503
56		134	133.904508182
57		134	133.908514011
58		134	133.908928142
59		134	133.915696729
60		134	133.91879021
61		134	133.928353
62		134	133.93411
63		134	133.9464
64		134	133.95566
49		135	134.95005
50		135	134.934908606
51		135	134.925185106
52		135	134.916555706
53		135	134.910048847
54		135	134.90722778
55		135	134.905977049
56		135	134.905688375
57		135	134.906984363
58		135	134.909160599
59		135	134.913111775
60		135	134.918181321
61		135	134.924823
62		135	134.93252
63		135	134.94187
64		135	134.95245
65		135	134.96476
50		136	135.93999
51		136	135.930745879
52		136	135.920100608
53		136	135.914604412
54		136	135.907214484
55		136	135.907311358
56		136	135.904575727
57		136	135.907634962
58		136	135.907129205
59		136	135.912677456
60		136	135.914976064
61		136	135.923584586
62		136	135.928275556
63		136	135.93962
64		136	135.9473
65		136	135.96129
50		137	136.94655
51		137	136.935555
52		137	136.925598852
53		137	136.918028188
54		137	136.911557781
55		137	136.907089231
56		137	136.905827141
57		137	136.906450385
58		137	136.907762364
59		137	136.91067915
60		137	136.914562448
61		137	136.920479523
62		137	136.926970517
63		137	136.93546
64		137	136.94502
65		137	136.95602
50		138	137.95184
51		138	137.94145
52		138	137.929472226
53		138	137.922726402
54		138	137.914146273
55		138	137.911017089
56		138	137.905246995
57		138	137.907114919
58		138	137.905991089
59		138	137.910754405
60		138	137.911949718
61		138	137.919548077
62		138	137.923243991
63		138	137.933709
64		138	137.94025
65		138	137.95312
66		138	137.9625
51		139	138.94655
52		139	138.935367194
53		139	138.926506206
54		139	138.918792203
55		139	138.913363758
56		139	138.908841099
57		139	138.906356256
58		139	138.906655111
59		139	138.908940762
60		139	138.911953649
61		139	138.91679967
62		139	138.922296635
63		139	138.92979231
64		139	138.93813
65		139	138.94833
66		139	138.95959
51		140	139.95283
52		140	139.939498567
53		140	139.931727
54		140	139.921645817
55		140	139.917283063
56		140	139.91060573
57		140	139.909480635
58		140	139.905443107
59		140	139.909080275
60		140	139.909549849
61		140	139.916039639
62		140	139.918994717
63		140	139.928087637
64		140	139.933674
65		140	139.945805049
66		140	139.95402
67		140	139.968589
52		141	140.9458
53		141	140.93569
54		141	140.926787184
55		141	140.920045491
56		141	140.914403333
57		141	140.91096603
58		141	140.908280674
59		141	140.907657568
60		141	140.909614653
61		141	140.913555084
62		141	140.918481636
63		141	140.924931754
64		141	140.932126
65		141	140.941448
66		141	140.95128
67		141	140.963108
52		142	141.95022
53		142	141.941202
54		142	141.929973098
55		142	141.924295991
56		142	141.916432382
57		142	141.91409089
58		142	141.909250375
59		142	141.910049607
60		142	141.907728996
61		142	141.912890411
62		142	141.915204385
63		142	141.92344169
64		142	141.928116
65		142	141.939280859
66		142	141.946194
67		142	141.96001
68		142	141.9701
52		143	142.95676
53		143	142.94565
54		143	142.935369554
55		143	142.927349327
56		143	142.920625293
57		143	142.916079512
58		143	142.91239212
59		143	142.910822796
60		143	142.909819989
61		143	142.910938262
62		143	142.914635303
63		143	142.920298681
64		143	142.926750682
65		143	142.935137335
66		143	142.943994335
67		143	142.95486
68		143	142.96662
53		144	143.95139
54		144	143.938945079
55		144	143.932076313
56		144	143.922954866
57		144	143.919645589
58		144	143.913652939
59		144	143.913310859
60		144	143.910092974
61		144	143.912596396
62		144	143.912006466
63		144	143.918819553
64		144	143.922963
65		144	143.933045
66		144	143.939269515
67		144	143.952109715
68		144	143.9607
69		144	143.976283
53		145	144.95605
54		145	144.944719634
55		145	144.935527435
56		145	144.9275184
57		145	144.921808068
58		145	144.917265228
59		145	144.914518156
60		145	144.912579322
61		145	144.912755935
62		145	144.913417339
63		145	144.916272629
64		145	144.921712821
65		145	144.928821947
66		145	144.937473995
67		145	144.947267395
68		145	144.95805
69		145	144.970389
54		146	145.948518249
55		146	145.940344271
56		146	145.930283712
57		146	145.925875174
58		146	145.918802412
59		146	145.91767985
60		146	145.913122628
61		146	145.914702396
62		146	145.913046991
63		146	145.917211039
64		146	145.918318817
65		146	145.927252984
66		146	145.93284453
67		146	145.944993506
68		146	145.95241836
69		146	145.966837
54		147	146.95426
55		147	146.944156156
56		147	146.9353039
57		147	146.9284178
58		147	146.922689913
59		147	146.919007518
60		147	146.916106136
61		147	146.915144988
62		147	146.914904435
63		147	146.916752659
64		147	146.919101384
65		147	146.924054788
66		147	146.931082715
67		147	146.940142296
68		147	146.949964459
69		147	146.961379891
54		148	147.95813
55		148	147.949225137
56		148	147.938170578
57		148	147.9326794
58		148	147.924424225
59		148	147.922130083
60		148	147.916899294
61		148	147.917481945
62		148	147.914829226
63		148	147.918089243
64		148	147.918121511
65		148	147.924281552
66		148	147.927156571
67		148	147.937743928
68		148	147.944735029
69		148	147.958384029
70		148	147.96758
55		149	148.95302
56		149	148.94308
57		149	148.93535126
58		149	148.9284269
59		149	148.9237361
60		149	148.920154849
61		149	148.918342277
62		149	148.917192062
63		149	148.917937763
64		149	148.919348117
65		149	148.923253549
66		149	148.927321692
67		149	148.933802646
68		149	148.942306
69		149	148.95289
70		149	148.96436
55		150	149.95833
56		150	149.94605
57		150	149.93947
58		150	149.930384042
59		150	149.926676502
60		150	149.920902249
61		150	149.920990941
62		150	149.917282919
63		150	149.919707671
64		150	149.918664422
65		150	149.923664941
66		150	149.925593264
67		150	149.933498408
68		150	149.937915567
69		150	149.95009
70		150	149.95852
71		150	149.973548
55		151	150.96258
56		151	150.95127
57		151	150.94232
58		151	150.9342722
59		151	150.928309285
60		151	150.923840289
61		151	150.921217539
62		151	150.919939796
63		151	150.919857803
64		151	150.92035595
65		151	150.923109599
66		151	150.926191564
67		151	150.931698345
68		151	150.937448567
69		151	150.945487875
70		151	150.955402497
71		151	150.967677
56		152	151.95481
57		152	151.94682
58		152	151.9366
59		152	151.9315529
60		152	151.924692216
61		152	151.923506181
62		152	151.919739721
63		152	151.921752184
64		152	151.919799494
65		152	151.924082936
66		152	151.924725286
67		152	151.931723623
68		152	151.935057085
69		152	151.944422
70		152	151.9502727
71		152	151.96412
56		153	152.96036
57		153	152.95036
58		153	152.94093
59		153	152.933903539
60		153	152.927717978
61		153	152.924156686
62		153	152.92210465
63		153	152.921238003
64		153	152.921758027
65		153	152.923442403
66		153	152.925772378
67		153	152.930206429
68		153	152.93508044
69		153	152.942040101
70		153	152.94932
71		153	152.958751054
72		153	152.97069
57		154	153.95517
58		154	153.9438
59		154	153.937525741
60		154	153.929484894
61		154	153.926471531
62		154	153.922216861
63		154	153.922986962
64		154	153.92087406
65		154	153.924684767
66		154	153.924429277
67		154	153.930606834
68		154	153.932790842
69		154	153.941570033
70		154	153.946395655
71		154	153.957364
72		154	153.96486
57		155	154.95901
58		155	154.94855
59		155	154.940509281
60		155	154.933135691
61		155	154.928137048
62		155	154.924647748
63		155	154.922901107
64		155	154.922630473
65		155	154.923510547
66		155	154.925759086
67		155	154.929104049
68		155	154.933215911
69		155	154.93920966
70		155	154.945783132
71		155	154.9543206
72		155	154.96311
73		155	154.974245
58		156	155.95183
59		156	155.94464
60		156	155.935078894
61		156	155.931117516
62		156	155.925536067
63		156	155.924760494
64		156	155.922131241
65		156	155.924755181
66		156	155.924284713
67		156	155.929706112
68		156	155.931067313
69		156	155.938991573
70		156	155.942824698
71		156	155.953032522
72		156	155.959347805
73		156	155.97203
58		157	156.95705
59		157	156.94789
60		157	156.939386061
61		157	156.933121393
62		157	156.928418698
63		157	156.925433446
64		157	156.923968569
65		157	156.924033028
66		157	156.92547066
67		157	156.928254427
68		157	156.931948658
69		157	156.93694412
70		157	156.942645349
71		157	156.950126667
72		157	156.958236
73		157	156.968176167
74		157	156.97884
59		158	157.95241
60		158	157.94197
61		158	157.936565144
62		158	157.929951004
63		158	157.927798606
64		158	157.924112348
65		158	157.925420947
66		158	157.924415875
67		158	157.928945969
68		158	157.929893474
69		158	157.936979525
70		158	157.939870549
71		158	157.949315507
72		158	157.954801092
73		158	157.966541
74		158	157.974562
59		159	158.95589
60		159	158.94653
61		159	158.939286502
62		159	158.933217226
63		159	158.929100067
64		159	158.926396969
65		159	158.92535471
66		159	158.925746958
67		159	158.927719703
68		159	158.93069181
69		159	158.934975
70		159	158.940054623
71		159	158.946635615
72		159	158.953995669
73		159	158.963022556
74		159	158.972638
75		159	158.984179
60		160	159.9494
61		160	159.9431
62		160	159.935335311
63		160	159.931850939
64		160	159.927062411
65		160	159.927175556
66		160	159.925204646
67		160	159.928736606
68		160	159.92907713
69		160	159.935263106
70		160	159.937557406
71		160	159.946033
72		160	159.950690749
73		160	159.96148751
74		160	159.968462584
75		160	159.981823
60		161	160.95428
61		161	160.94607
62		161	160.93916017
63		161	160.933664091
64		161	160.929677476
65		161	160.927577825
66		161	160.926940492
67		161	160.927861547
68		161	160.930004599
69		161	160.933549
70		161	160.937907138
71		161	160.943572
72		161	160.95027837
73		161	160.958452265
74		161	160.967197
75		161	160.977572951
76		161	160.989029
61		162	161.95022
62		162	161.94146
63		162	161.936988761
64		162	161.930993017
65		162	161.92949536
66		162	161.926805573
67		162	161.929102274
68		162	161.928788364
69		162	161.934002277
70		162	161.935773604
71		162	161.943282776
72		162	161.947214837
73		162	161.957294083
74		162	161.963499142
75		162	161.975844
76		162	161.984431
61		163	162.95357
62		163	162.94555
63		163	162.939195675
64		163	162.934176855
65		163	162.930654659
66		163	162.928738284
67		163	162.928741027
68		163	162.930040797
69		163	162.932659172
70		163	162.936339632
71		163	162.941179
72		163	162.947112946
73		163	162.95433711
74		163	162.962524342
75		163	162.97207986
76		163	162.98241
62		164	163.94836
63		164	163.942744
64		164	163.93583
65		164	163.933357961
66		164	163.929181874
67		164	163.930240273
68		164	163.929208791
69		164	163.933543614
70		164	163.934494934
71		164	163.941339
72		164	163.944370845
73		164	163.953534
74		164	163.958960683
75		164	163.97045287
76		164	163.978021712
77		164	163.991909
62		165	164.95297
63		165	164.945587
64		165	164.93936
65		165	164.93498
66		165	164.931710456
67		165	164.930328835
68		165	164.930734496
69		165	164.93244314
70		165	164.935270241
71		165	164.939406758
72		165	164.944567
73		165	164.950780572
74		165	164.958280788
75		165	164.96710266
76		165	164.976602
77		165	164.987501
63		166	165.94962
64		166	165.94146
65		166	165.937859521
66		166	165.932813863
67		166	165.932290927
68		166	165.93029953
69		166	165.9335606
70		166	165.933874749
71		166	165.939859
72		166	165.94218
73		166	165.950512
74		166	165.95503121
75		166	165.965760821
76		166	165.972692476
77		166	165.985664
78		166	165.994855
63		167	166.95289
64		167	166.94545
65		167	166.93996
66		167	166.935661379
67		167	166.93313855
68		167	166.932054617
69		167	166.932856192
70		167	166.934952988
71		167	166.93827
72		167	166.9426
73		167	166.948093
74		167	166.95480456
75		167	166.962595
76		167	166.971548768
77		167	166.981666315
78		167	166.992695
64		168	167.94808
65		168	167.9434
66		168	167.937133273
67		168	167.935522173
68		168	167.932376688
69		168	167.934177409
70		168	167.933889602
71		168	167.938735635
72		168	167.940568
73		168	167.948047
74		168	167.951805537
75		168	167.961572608
76		168	167.967807751
77		168	167.979906642
78		168	167.988128665
64		169	168.9526
65		169	168.94597
66		169	168.940313531
67		169	168.936878189
68		169	168.93459685
69		169	168.934217889
70		169	168.935182512
71		169	168.937644149
72		169	168.941259
73		169	168.946011
74		169	168.951778845
75		169	168.958766063
76		169	168.967017574
77		169	168.976298488
78		169	168.986567
79		169	168.99808
65		170	169.94984
66		170	169.94239
67		170	169.939624846
68		170	169.93547023
69		170	169.935806032
70		170	169.934766376
71		170	169.938478365
72		170	169.939609
73		170	169.946175
74		170	169.949231588
75		170	169.958220071
76		170	169.963578454
77		170	169.974922
78		170	169.982496345
79		170	169.995972
65		171	170.95273
66		171	170.94612
67		171	170.941471022
68		171	170.938035681
69		171	170.936433871
70		171	170.936330208
71		171	170.93791696
72		171	170.940492
73		171	170.944476
74		171	170.949451
75		171	170.955716
76		171	170.963173969
77		171	170.971640252
78		171	170.981245248
79		171	170.991875791
80		171	171.003529
66		172	171.94846
67		172	171.94473
68		172	171.939361858
69		172	171.938405521
70		172	171.936385872
71		172	171.939089103
72		172	171.939449716
73		172	171.944895
74		172	171.947292
75		172	171.955419665
76		172	171.960017317
77		172	171.970607036
78		172	171.977350921
79		172	171.989942284
80		172	171.998808967
66		173	172.95283
67		173	172.94702
68		173	172.9424
69		173	172.939608371
70		173	172.938215136
71		173	172.938934029
72		173	172.940513
73		173	172.94375
74		173	172.947689
75		173	172.953243
76		173	172.959808465
77		173	172.967505636
78		173	172.976443058
79		173	172.986240924
80		173	172.997091
67		174	173.95095
68		174	173.94423
69		174	173.942172953
70		174	173.938866437
71		174	173.940340854
72		174	173.940046141
73		174	173.944454
74		174	173.946079
75		174	173.953115
76		174	173.957063507
77		174	173.966861045
78		174	173.972819528
79		174	173.984717
80		174	173.992864748
67		175	174.95362
68		175	174.94777
69		175	174.9438412
70		175	174.941280797
71		175	174.940775191
72		175	174.941509187
73		175	174.943737
74		175	174.946717
75		175	174.951381
76		175	174.956945313
77		175	174.964149589
78		175	174.972409721
79		175	174.981303712
80		175	174.991440747
68		176	175.94994
69		176	175.946999449
70		176	175.942576447
71		176	175.94268968
72		176	175.941407628
73		176	175.944857
74		176	175.945634
75		176	175.951623
76		176	175.954806
77		176	175.963650389
78		176	175.968938362
79		176	175.980250432
80		176	175.987360863
81		176	176.000624028
68		177	176.95399
69		177	176.94904
70		177	176.945265586
71		177	176.943761525
72		177	176.943227717
73		177	176.944479469
74		177	176.946643
75		177	176.950328
76		177	176.954965628
77		177	176.9613015
78		177	176.968469537
79		177	176.976870439
80		177	176.986277319
81		177	176.996430829
69		178	177.95264
70		178	177.946651444
71		178	177.945958018
72		178	177.943705833
73		178	177.945678
74		178	177.945883303
75		178	177.950989
76		178	177.953253627
77		178	177.961082
78		178	177.965649523
79		178	177.97603192
80		178	177.982483769
81		178	177.994854
82		178	178.003831243
69		179	178.95534
70		179	178.95004
71		179	178.947330935
72		179	178.945823212
73		179	178.945936555
74		179	178.947077043
75		179	178.94998913
76		179	178.953816881
77		179	178.959120178
78		179	178.965358953
79		179	178.973173654
80		179	178.981831329
81		179	178.991110696
82		179	179.002201112
70		180	179.95212
71		180	179.94988825
72		180	179.946557042
73		180	179.947464832
74		180	179.946710805
75		180	179.950791568
76		180	179.952375485
77		180	179.959229446
78		180	179.963031955
79		180	179.972523397
80		180	179.978260335
81		180	179.990056524
82		180	179.997928286
70		181	180.95589
71		181	180.951908
72		181	180.949108338
73		181	180.947995769
74		181	180.948197783
75		181	180.950057673
76		181	180.953247188
77		181	180.957625456
78		181	180.963097588
79		181	180.970079047
80		181	180.977819371
81		181	180.986259979
82		181	180.99665331
71		182	181.95504
72		182	181.950561185
73		182	181.950151853
74		182	181.948203945
75		182	181.951209869
76		182	181.952110187
77		182	181.958076296
78		182	181.961171823
79		182	181.969617874
80		182	181.974689351
81		182	181.985713159
82		182	181.992672466
71		183	182.957363
72		183	182.953530444
73		183	182.95137262
74		183	182.950222748
75		183	182.950819638
76		183	182.953124719
77		183	182.956839968
78		183	182.961596804
79		183	182.967590635
80		183	182.974444783
81		183	182.982192839
82		183	182.991872098
71		184	183.96091
72		184	183.955446243
73		184	183.954007694
74		184	183.950930916
75		184	183.952522809
76		184	183.952488536
77		184	183.957476
78		184	183.959915113
79		184	183.967451524
80		184	183.971713528
81		184	183.981885851
82		184	183.988135701
83		184	184.001274756
71		185	184.96362
72		185	184.958862
73		185	184.955559084
74		185	184.953418974
75		185	184.952954486
76		185	184.954041741
77		185	184.956698
78		185	184.960613659
79		185	184.965789569
80		185	184.971899388
81		185	184.97878905
82		185	184.987610004
83		185	184.9976
72		186	185.960897
73		186	185.958550667
74		186	185.954362771
75		186	185.954985595
76		186	185.953835044
77		186	185.957944153
78		186	185.959350812
79		186	185.965952703
80		186	185.969362272
81		186	185.978650841
82		186	185.984238331
83		186	185.996643681
84		186	186.004393241
72		187	186.96477
73		187	186.960386
74		187	186.957158841
75		187	186.955750071
76		187	186.955747422
77		187	186.957542
78		187	186.960616976
79		187	186.964543155
80		187	186.969814428
81		187	186.975906348
82		187	186.983910895
83		187	186.993147184
84		187	187.003041054
72		188	187.96685
73		188	187.963916
74		188	187.958486177
75		188	187.95811151
76		188	187.955835174
77		188	187.958828095
78		188	187.959388889
79		188	187.965349392
80		188	187.967566887
81		188	187.976020886
82		188	187.980874815
83		188	187.992286943
84		188	187.999415569
72		189	188.97084
73		189	188.96583
74		189	188.961763
75		189	188.95922602
76		189	188.958144162
77		189	188.958715028
78		189	188.960831282
79		189	188.963948286
80		189	188.968194927
81		189	188.973588471
82		189	188.980807
83		189	188.989194984
84		189	188.998473429
73		190	189.96939
74		190	189.963090589
75		190	189.96174426
76		190	189.958443702
77		190	189.960541215
78		190	189.959929707
79		190	189.96469839
80		190	189.966322735
81		190	189.973828
82		190	189.978081999
83		190	189.988621561
84		190	189.995100569
73		191	190.97156
74		191	190.966531
75		191	190.963121551
76		191	190.960926361
77		191	190.960589293
78		191	190.961672912
79		191	190.963702248
80		191	190.96715716
81		191	190.971784199
82		191	190.978276
83		191	190.985786556
84		191	190.994558462
85		191	191.004147909
73		192	191.97514
74		192	191.96817
75		192	191.966088
76		192	191.961476998
77		192	191.962600247
78		192	191.961038746
79		192	191.964813694
80		192	191.965634702
81		192	191.972225
82		192	191.975775008
83		192	191.985469058
84		192	191.991335925
85		192	192.003151707
74		193	192.97178
75		193	192.967541
76		193	192.96414787
77		193	192.962921587
78		193	192.96298238
79		193	192.964137257
80		193	192.966652658
81		193	192.970501998
82		193	192.976173234
83		193	192.982959813
84		193	192.991025678
85		193	192.999927418
86		193	193.009707979
74		194	193.97367
75		194	193.97076
76		194	193.96517724
77		194	193.965073536
78		194	193.96268085
79		194	193.965417754
80		194	193.965449112
81		194	193.971081412
82		194	193.97401225
83		194	193.982785
84		194	193.988186101
85		194	193.999236139
86		194	194.006144389
75		195	194.97254
76		195	194.968318
77		195	194.96597473
78		195	194.964791719
79		195	194.965035225
80		195	194.96672054
81		195	194.969774268
82		195	194.974542922
83		195	194.980648781
84		195	194.988125532
85		195	194.996268546
86		195	195.005421673
75		196	195.9758
76		196	195.969641463
77		196	195.968397112
78		196	195.964952091
79		196	195.966569908
80		196	195.96583256
81		196	195.970481193
82		196	195.972774233
83		196	195.980666509
84		196	195.985525902
85		196	195.995799619
86		196	196.002115998
75		197	196.97799
76		197	196.97283
77		197	196.969655415
78		197	196.967340687
79		197	196.966568786
80		197	196.967212847
81		197	196.96957589
82		197	196.973431166
83		197	196.978865099
84		197	196.985659522
85		197	196.993189187
86		197	197.00158462
75		198	197.9816
76		198	197.97441
77		198	197.97228
78		198	197.96789492
79		198	197.96824242
80		198	197.966768602
81		198	197.970483065
82		198	197.972034077
83		198	197.979206
84		198	197.983389132
85		198	197.992784
86		198	197.998679156
76		199	198.97801
77		199	198.973805301
78		199	198.970595224
79		199	198.968765282
80		199	198.968280643
81		199	198.969877
82		199	198.97291268
83		199	198.97767301
84		199	198.983667115
85		199	198.990527654
86		199	198.998389856
87		199	199.007258594
76		200	199.97984
77		200	199.9768
78		200	199.971442807
79		200	199.970756456
80		200	199.96832659
81		200	199.970963258
82		200	199.971818893
83		200	199.978131179
84		200	199.98179879
85		200	199.990351015
86		200	199.995690431
87		200	200.006586003
76		201	200.98364
77		201	200.97864
78		201	200.974513112
79		201	200.971657484
80		201	200.970302839
81		201	200.970822212
82		201	200.972882917
83		201	200.977010416
84		201	200.982259806
85		201	200.988417147
86		201	200.99562801
87		201	201.003866593
88		201	201.012712
76		202	201.98595
77		202	201.98199
78		202	201.975639
79		202	201.973856
80		202	201.9706434
81		202	201.972102441
82		202	201.972152026
83		202	201.977733861
84		202	201.980757657
85		202	201.988630302
86		202	201.993264277
87		202	202.00332
88		202	202.009759744
77		203	202.98423
78		203	202.97893
79		203	202.975154446
80		203	202.972872837
81		203	202.972344593
82		203	202.973391126
83		203	202.976892779
84		203	202.981416133
85		203	202.98694299
86		203	202.993387741
87		203	203.000940729
88		203	203.009304274
77		204	203.9896
78		204	203.98076
79		204	203.977831
80		204	203.973493981
81		204	203.9738639
82		204	203.973043981
83		204	203.977836062
84		204	203.980310339
85		204	203.987251198
86		204	203.991429922
87		204	204.000652059
88		204	204.006491866
78		205	204.98608
79		205	204.97985
80		205	204.976073417
81		205	204.974427801
82		205	204.974482157
83		205	204.977386694
84		205	204.981203091
85		205	204.986075861
86		205	204.99171884
87		205	204.998593858
88		205	205.006268245
78		206	205.98966
79		206	205.98474
80		206	205.977514401
81		206	205.976110589
82		206	205.974465683
83		206	205.978499317
84		206	205.980473991
85		206	205.986656933
86		206	205.990214219
87		206	205.998666132
88		206	206.003828053
89		206	206.014452
79		207	206.9884
80		207	206.9823
81		207	206.977419712
82		207	206.975897297
83		207	206.978471022
84		207	206.981593762
85		207	206.985800332
86		207	206.990730254
87		207	206.996946478
88		207	207.003799159
89		207	207.01196583
79		208	207.99345
80		208	207.985759
81		208	207.982019001
82		208	207.976652481
83		208	207.97974253
84		208	207.981246092
85		208	207.986613302
86		208	207.989634687
87		208	207.997138132
88		208	208.001841122
89		208	208.011550406
90		208	208.017900275
79		209	208.99735
80		209	208.99072
81		209	208.985359353
82		209	208.981090461
83		209	208.980399068
84		209	208.982430836
85		209	208.986170215
86		209	208.99041451
87		209	208.995954932
88		209	209.001990455
89		209	209.009494762
90		209	209.017752974
79		210	210.0025
80		210	209.99424
81		210	209.990073958
82		210	209.984188861
83		210	209.984120705
84		210	209.982874076
85		210	209.987147898
86		210	209.989689107
87		210	209.996422409
88		210	210.000494169
89		210	210.009436052
90		210	210.015093642
80		211	210.99933
81		211	210.993475
82		211	210.988737125
83		211	210.987269741
84		211	210.986653562
85		211	210.987496614
86		211	210.99060111
87		211	210.995555723
88		211	211.000893214
89		211	211.007731899
90		211	211.014929468
80		212	212.00296
81		212	211.998335
82		212	211.991897703
83		212	211.991286026
84		212	211.988868376
85		212	211.990737688
86		212	211.990703919
87		212	211.996225652
88		212	211.999786715
89		212	212.007813171
90		212	212.012987595
91		212	212.023202993
80		213	213.00823
81		213	213.001915
82		213	212.996562894
83		213	212.994385067
84		213	212.992857623
85		213	212.992936978
86		213	212.993883069
87		213	212.996186041
88		213	213.000384258
89		213	213.00660902
90		213	213.013009223
91		213	213.021109239
80		214	214.012
81		214	214.00694
82		214	213.999805917
83		214	213.998711926
84		214	213.995201683
85		214	213.996372066
86		214	213.995362956
87		214	213.998971333
88		214	214.000099727
89		214	214.006918488
90		214	214.011500159
91		214	214.020918483
80		215	215.0174
81		215	215.01064
82		215	215.004741
83		215	215.001769823
84		215	214.999420146
85		215	214.998652849
86		215	214.99874589
87		215	215.000341838
88		215	215.00272042
89		215	215.006474511
90		215	215.011724774
91		215	215.019182929
80		216	216.02132
81		216	216.0158
82		216	216.00803
83		216	216.006305989
84		216	216.001915186
85		216	216.002423555
86		216	216.000271859
87		216	216.003189865
88		216	216.003533423
89		216	216.008743482
90		216	216.011056007
91		216	216.019108913
81		217	217.01966
82		217	217.01314
83		217	217.009372
84		217	217.006318159
85		217	217.004719222
86		217	217.003928018
87		217	217.004632282
88		217	217.006320726
89		217	217.009343872
90		217	217.013116701
91		217	217.018325363
92		217	217.024661
81		218	218.02479
82		218	218.01659
83		218	218.014188
84		218	218.008973546
85		218	218.008694723
86		218	218.005601586
87		218	218.007578653
88		218	218.007140631
89		218	218.01164164
90		218	218.013276331
91		218	218.020058579
92		218	218.023523472
82		219	219.02177
83		219	219.01748
84		219	219.013614
85		219	219.011161848
86		219	219.009480361
87		219	219.009252427
88		219	219.010085484
89		219	219.01242073
90		219	219.015537481
91		219	219.019904029
92		219	219.02499913
93		219	219.03143
82		220	220.02541
83		220	220.02235
84		220	220.016386
85		220	220.015433
86		220	220.01139413
87		220	220.012327702
88		220	220.011025872
89		220	220.014754854
90		220	220.015748148
91		220	220.021705
92		220	220.02462
93		220	220.03254
83		221	221.02587
84		221	221.021228
85		221	221.018017
86		221	221.015537076
87		221	221.014255163
88		221	221.01391768
89		221	221.015591579
90		221	221.018184072
91		221	221.021874941
92		221	221.026284
93		221	221.03204
83		222	222.03078
84		222	222.02414
85		222	222.022494
86		222	222.017578246
87		222	222.017552192
88		222	222.015374846
89		222	222.017844181
90		222	222.018468521
91		222	222.023784
92		222	222.026003
93		222	222.0333
83		223	223.0345
84		223	223.02907
85		223	223.025151
86		223	223.021889286
87		223	223.019736013
88		223	223.018502327
89		223	223.019137747
90		223	223.020811853
91		223	223.023962614
92		223	223.027739187
93		223	223.03285
83		224	224.03947
84		224	224.03211
85		224	224.029749
86		224	224.024095805
87		224	224.023398
88		224	224.020211968
89		224	224.021723163
90		224	224.021464382
91		224	224.025617614
92		224	224.027605163
93		224	224.03422
84		225	225.03707
85		225	225.03263
86		225	225.028485574
87		225	225.025572682
88		225	225.023611857
89		225	225.023229987
90		225	225.023951363
91		225	225.026131009
92		225	225.02939135
93		225	225.033910892
84		226	226.04031
85		226	226.03716
86		226	226.030861382
87		226	226.029566
88		226	226.02541033
89		226	226.026098383
90		226	226.024903383
91		226	226.027948082
92		226	226.029339101
93		226	226.035188
84		227	227.04539
85		227	227.04024
86		227	227.035304396
87		227	227.031869
88		227	227.029178349
89		227	227.027752283
90		227	227.027704227
91		227	227.028805351
92		227	227.031156773
93		227	227.034957129
85		228	228.04475
86		228	228.037835418
87		228	228.035823175
88		228	228.031070728
89		228	228.031021547
90		228	228.028741272
91		228	228.031051673
92		228	228.031371492
93		228	228.036066866
94		228	228.038732491
85		229	229.04812
86		229	229.042257277
87		229	229.038298
88		229	229.034942262
89		229	229.032955884
90		229	229.031762713
91		229	229.032097236
92		229	229.03350628
93		229	229.036264139
94		229	229.040143614
86		230	230.04514
87		230	230.042416349
88		230	230.037054781
89		230	230.036327
90		230	230.03313413
91		230	230.034541047
92		230	230.033940096
93		230	230.037827926
94		230	230.039650283
95		230	230.04609
86		231	231.04987
87		231	231.045158
88		231	231.041027087
89		231	231.038393
90		231	231.036304628
91		231	231.035884243
92		231	231.036293861
93		231	231.038245364
94		231	231.041101511
95		231	231.04556
87		232	232.049368
88		232	232.04347527
89		232	232.042034
90		232	232.03805576
91		232	232.038591737
92		232	232.037156297
93		232	232.040109
94		232	232.041184582
95		232	232.04645
96		232	232.049817
87		233	233.05264
88		233	233.047582
89		233	233.044346
90		233	233.041582278
91		233	233.040247222
92		233	233.039635525
93		233	233.040740989
94		233	233.042997716
95		233	233.046445
96		233	233.050770001
88		234	234.050342
89		234	234.048139
90		234	234.043601407
91		234	234.043307161
92		234	234.040952306
93		234	234.042895256
94		234	234.043317387
95		234	234.047731
96		234	234.050160237
97		234	234.057267
88		235	235.05497
89		235	235.05084
90		235	235.047255
91		235	235.045399
92		235	235.043930131
93		235	235.044063487
94		235	235.045286206
95		235	235.047908245
96		235	235.051542
97		235	235.05658
89		236	236.054988
90		236	236.049657
91		236	236.048668
92		236	236.04556821
93		236	236.046569744
94		236	236.046058109
95		236	236.049428
96		236	236.051374477
97		236	236.05748
89		237	237.05827
90		237	237.053629
91		237	237.051023
92		237	237.048730378
93		237	237.048173649
94		237	237.04840983
95		237	237.049996
96		237	237.052869294
97		237	237.0571
98		237	237.062197789
90		238	238.056496
91		238	238.054637
92		238	238.050788423
93		238	238.050946611
94		238	238.049560111
95		238	238.051984542
96		238	238.05308142
97		238	238.058204
98		238	238.06149
90		239	239.06077
91		239	239.05726
92		239	239.054293475
93		239	239.052939241
94		239	239.052163591
95		239	239.053024699
96		239	239.054910117
97		239	239.058241
98		239	239.062529
99		239	239.06823
91		240	240.06098
92		240	240.056593356
93		240	240.056165427
94		240	240.05381375
95		240	240.055300384
96		240	240.055529681
97		240	240.059759
98		240	240.062255728
99		240	240.06892
91		241	241.06408
92		241	241.06033
93		241	241.058252636
94		241	241.056851661
95		241	241.056829349
96		241	241.05765317
97		241	241.060155
98		241	241.06369
99		241	241.06856
100		241	241.07421
92		242	242.062932
93		242	242.061641379
94		242	242.058742809
95		242	242.059549364
96		242	242.058836039
97		242	242.061982
98		242	242.063754274
99		242	242.069567
100		242	242.07343
92		243	243.06699
93		243	243.06428
94		243	243.062003595
95		243	243.061381302
96		243	243.061389325
97		243	243.063007791
98		243	243.065477
99		243	243.06951
100		243	243.074465
93		244	244.06785
94		244	244.06420526
95		244	244.064285052
96		244	244.062752783
97		244	244.065180979
98		244	244.066000801
99		244	244.070883
100		244	244.074038
93		245	245.0708
94		245	245.067826058
95		245	245.066454834
96		245	245.065491454
97		245	245.066361821
98		245	245.068048677
99		245	245.071249
100		245	245.075349
101		245	245.080808
94		246	246.070205458
95		246	246.069775
96		246	246.067223841
97		246	246.068673126
98		246	246.068805531
99		246	246.072896
100		246	246.07535047
101		246	246.081713
94		247	247.07419
95		247	247.072093
96		247	247.070354131
97		247	247.070307302
98		247	247.070965463
99		247	247.073622017
100		247	247.076945
101		247	247.081522
95		248	248.075753
96		248	248.072349862
97		248	248.073088
98		248	248.072185066
99		248	248.075471
100		248	248.077186463
101		248	248.082823
102		248	248.08655
95		249	249.07848
96		249	249.075954767
97		249	249.074987676
98		249	249.074853903
99		249	249.076411
100		249	249.07892755
101		249	249.082914
102		249	249.087797
96		250	250.078358313
97		250	250.078316698
98		250	250.076406244
99		250	250.078612
100		250	250.079521034
101		250	250.084415
102		250	250.087562
96		251	251.082286441
97		251	251.080762009
98		251	251.079588625
99		251	251.079993586
100		251	251.08153989
101		251	251.084774376
102		251	251.088944
103		251	251.09418
96		252	252.08487
97		252	252.084311
98		252	252.081627199
99		252	252.082979865
100		252	252.08246706
101		252	252.086432
102		252	252.088966908
103		252	252.095264
97		253	253.08688
98		253	253.085134499
99		253	253.084825715
100		253	253.085184571
101		253	253.087144
102		253	253.090564103
103		253	253.095091
104		253	253.100438
97		254	254.0906
98		254	254.087324263
99		254	254.088022199
100		254	254.086854397
101		254	254.089592
102		254	254.090955661
103		254	254.096483
104		254	254.100053
98		255	255.091048
99		255	255.090274958
100		255	255.089964038
101		255	255.091084149
102		255	255.093191404
103		255	255.096562404
104		255	255.101268
105		255	255.107068
98		256	256.093442
99		256	256.093599
100		256	256.091774469
101		256	256.093889
102		256	256.09428287
103		256	256.09849403
104		256	256.101152218
105		256	256.10789
99		257	257.095979
100		257	257.095106078
101		257	257.095542387
102		257	257.09688783
103		257	257.099418
104		257	257.10291812
105		257	257.107578
99		258	258.09952
100		258	258.097077
101		258	258.098431496
102		258	258.098207
103		258	258.101755
104		258	258.103427679
105		258	258.109285
106		258	258.112983
100		259	259.100597
101		259	259.100511
102		259	259.101032
103		259	259.102902
104		259	259.105596
105		259	259.109491866
106		259	259.114396
100		260	260.102809
101		260	260.103653
102		260	260.102644
103		260	260.105505
104		260	260.106441
105		260	260.111297
106		260	260.114384105
107		260	260.121659
101		261	261.105828
102		261	261.105697
103		261	261.106884
104		261	261.108773401
105		261	261.111917
106		261	261.115949461
107		261	261.121455
101		262	262.109101
102		262	262.107464
103		262	262.109612
104		262	262.109925
105		262	262.114072
106		262	262.116336679
107		262	262.122967
102		263	263.110715
103		263	263.111359
104		263	263.112495
105		263	263.11499
106		263	263.118294
107		263	263.122916
108		263	263.128522
102		264	264.112734
103		264	264.114201
104		264	264.113879
105		264	264.117405
106		264	264.118931
107		264	264.124593
108		264	264.128356917
103		265	265.116193
104		265	265.116684
105		265	265.118613
106		265	265.121093
107		265	265.124914
108		265	265.129792986
109		265	265.135996
103		266	266.119831
104		266	266.118172
105		266	266.121029
106		266	266.121975
107		266	266.126794
108		266	266.1300464
109		266	266.137374
104		267	267.121789
105		267	267.122465
106		267	267.124357
107		267	267.127501
108		267	267.131673
109		267	267.137189
110		267	267.143768
104		268	268.123968
105		268	268.125671
106		268	268.125392
107		268	268.129692
108		268	268.131865
109		268	268.138649
110		268	268.143478
105		269	269.127911
106		269	269.128627
107		269	269.130416
108		269	269.133753
109		269	269.138822
110		269	269.144752124
105		270	270.131356
106		270	270.130427
107		270	270.133363
108		270	270.13429
109		270	270.140327
110		270	270.144584153
106		271	271.133933
107		271	271.135256
108		271	271.13717
109		271	271.140744
110		271	271.145946
106		272	272.13589
107		272	272.138264
108		272	272.138495
109		272	272.143406
110		272	272.14602
111		272	272.153273
106		273	273.13958
107		273	273.14024
108		273	273.141679
109		273	273.144399
110		273	273.14856
111		273	273.153127
107		274	274.143548
108		274	274.143304
109		274	274.147245
110		274	274.149411
111		274	274.155253
107		275	275.14567
108		275	275.146668
109		275	275.14882
110		275	275.152033
111		275	275.155939
108		276	276.148455
109		276	276.151594
110		276	276.153025
111		276	276.158334
112		276	276.16141
108		277	277.151899
109		277	277.153268
110		277	277.155914
111		277	277.159069
112		277	277.163641
109		278	278.156307
110		278	278.15704
111		278	278.161493
112		278	278.164156
113		278	278.170578
109		279	279.158075
110		279	279.160097
111		279	279.162722
112		279	279.166542
113		279	279.17095
110		280	280.161311
111		280	280.165138
112		280	280.167147
113		280	280.17293
110		281	281.164511
111		281	281.16636
112		281	281.169746
113		281	281.17348
111		282	282.169119
112		282	282.170496
113		282	282.175672
111		283	283.170544
112		283	283.17327
113		283	283.176571
112		284	284.174156
113		284	284.178727
112		285	285.177117
113		285	285.179727
114		285	285.183643
113		286	286.182208
114		286	286.184235
113		287	287.183389
114		287	287.186783
115		287	287.190704
114		288	288.187572
115		288	288.19274
114		289	289.190419
115		289	289.193627
116		289	289.198162
115		290	290.195975
116		290	290.198638
115		291	291.197071
116		291	291.201077
117		291	291.205535
116		292	292.201742
117		292	292.207463
116		293	293.204487
117		293	293.208236
118		293	293.213562
117		294	294.210462
118		294	294.213921
118		295	295.21624
